35
-1.21789 3.60366 -3.66521
-0.805874 3.60366 -3.66521
-1.09083 3.59815 -3.60668
-0.93293 3.59815 -3.60668
-1.15148 3.61718 -3.62457
-1.15246 3.60866 -3.6379
-0.872279 3.61718 -3.62457
-0.871297 3.60866 -3.6379
-1.22467 3.55656 -3.71231
-0.799577 3.55626 -3.71445
-1.09002 3.55089 -3.66768
-0.932656 3.55051 -3.66916
-1.15243 3.5916 -3.65131
-1.15387 3.53599 -3.66151
-0.871074 3.59118 -3.64977
-0.869891 3.53599 -3.66151
-1.16723 3.56706 -3.66121
-0.857267 3.56706 -3.66121
-1.08272 3.39618 -3.59023
-0.941037 3.39618 -3.59023
-1.01188 3.41055 -3.4987
-1.01188 3.36231 -3.54194
-1.10613 3.24884 -3.64361
-0.917069 3.24913 -3.64344
-1.01188 3.29167 -3.56448
-1.01188 3.26496 -3.58199
-1.01188 3.24355 -3.59598
-1.01188 3.20191 -3.59979
-1.3267 3.6541 -3.9384
-0.697055 3.6541 -3.9384
-1.33702 3.43864 -3.97007
-0.686738 3.43864 -3.97007
-1.34328 3.5297 -3.96257
-0.680474 3.5297 -3.96257
-1.01188 3.0496 -3.75052
